[gd_scene load_steps=9 format=2]

[ext_resource path="res://tables/classic/TableClassicMesh.tscn" type="PackedScene" id=1]
[ext_resource path="res://common/lathe_rotate.gd" type="Script" id=2]
[ext_resource path="res://tables/beyond_classic/TableBeyondClassicMesh.tscn" type="PackedScene" id=3]
[ext_resource path="res://common/clickable_hotspot.gd" type="Script" id=4]

[sub_resource type="CubeMesh" id=2]
size = Vector3( 0.5, 0.5, 0.5 )

[sub_resource type="SpatialMaterial" id=5]
flags_unshaded = true
albedo_color = Color( 1, 0, 0, 1 )

[sub_resource type="GDScript" id=3]
script/source = "extends Spatial
# Simple script to rotate object for inspection

export var rotation_speed = 0.025 # in radians

func _ready() -> void:
	pass # Replace with function body.


func _process(_delta: float) -> void:
	rotate_y(rotation_speed)
	pass
"

[sub_resource type="SpatialMaterial" id=6]
flags_unshaded = true
albedo_color = Color( 0.054902, 1, 0, 1 )

[node name="SelectTables" type="Control"]
anchor_right = 1.0
anchor_bottom = 1.0

[node name="PickTable01" type="ViewportContainer" parent="."]
margin_left = 61.0
margin_top = 201.0
margin_right = 321.0
margin_bottom = 571.0
script = ExtResource( 4 )
select_what = "table"

[node name="Viewport" type="Viewport" parent="PickTable01"]
size = Vector2( 260, 370 )
handle_input_locally = false
render_target_update_mode = 3

[node name="Camera" type="Camera" parent="PickTable01/Viewport"]
transform = Transform( 0.707107, -0.183013, 0.683013, 0, 0.965926, 0.258819, -0.707107, -0.183013, 0.683013, -18, -3, 1 )

[node name="Table_Classic" parent="PickTable01/Viewport" instance=ExtResource( 1 )]
transform = Transform( 0.05, 0, 0, 0, 0.05, 0, 0, 0, 0.05, -19, -3.5, 0 )
script = ExtResource( 2 )

[node name="PickTable02" type="ViewportContainer" parent="."]
margin_left = 360.0
margin_top = 201.0
margin_right = 620.0
margin_bottom = 571.0
script = ExtResource( 4 )
select_what = "table"

[node name="Viewport" type="Viewport" parent="PickTable02"]
size = Vector2( 260, 370 )
handle_input_locally = false
render_target_update_mode = 3

[node name="Camera" type="Camera" parent="PickTable02/Viewport"]
transform = Transform( 0.707107, -0.183013, 0.683013, 0, 0.965926, 0.258819, -0.707107, -0.183013, 0.683013, -18, -6, 1 )

[node name="TableBeyondClassicMesh" parent="PickTable02/Viewport" instance=ExtResource( 3 )]
transform = Transform( 0.05, 0, 0, 0, 0.05, 0, 0, 0, 0.05, -19, -6.5, 0 )
script = ExtResource( 2 )

[node name="PickTable03" type="ViewportContainer" parent="."]
margin_left = 659.0
margin_top = 201.0
margin_right = 919.0
margin_bottom = 571.0
script = ExtResource( 4 )
select_what = "table"

[node name="Viewport" type="Viewport" parent="PickTable03"]
size = Vector2( 260, 370 )
handle_input_locally = false
render_target_update_mode = 3

[node name="Camera" type="Camera" parent="PickTable03/Viewport"]
transform = Transform( 0.707107, -0.183013, 0.683013, 0, 0.965926, 0.258819, -0.707107, -0.183013, 0.683013, -18, -9, 1 )

[node name="MeshInstance" type="MeshInstance" parent="PickTable03/Viewport"]
transform = Transform( 1, 0, 0, 0, 1, 0, 0, 0, 1, -19, -9.5, 0 )
mesh = SubResource( 2 )
material/0 = SubResource( 5 )
script = SubResource( 3 )

[node name="PickTable04" type="ViewportContainer" parent="."]
margin_left = 958.0
margin_top = 201.0
margin_right = 1218.0
margin_bottom = 571.0
script = ExtResource( 4 )
select_what = "table"

[node name="Viewport" type="Viewport" parent="PickTable04"]
size = Vector2( 260, 370 )
handle_input_locally = false
render_target_update_mode = 3

[node name="Camera" type="Camera" parent="PickTable04/Viewport"]
transform = Transform( 0.707107, -0.183013, 0.683013, 0, 0.965926, 0.258819, -0.707107, -0.183013, 0.683013, -18, -12, 1 )

[node name="MeshInstance" type="MeshInstance" parent="PickTable04/Viewport"]
transform = Transform( 1, 0, 0, 0, 1, 0, 0, 0, 1, -19, -12.5, 0 )
mesh = SubResource( 2 )
material/0 = SubResource( 6 )
script = SubResource( 3 )
